73,84
73,83
73,82
73,81
73,80
73,79
0,486
73,78
73,77
73,76
73,75
0,485
0,484
73,74
73,73
73,72
73,71
73,70
73,69
0,483
0,482
73,52
73,30
73,68
73,51
73,11
73,50
73,27
73,67
73,66
73,49
73,10
73,65
0,481
0,480
73,48
73,28
73,47
73,16
73,64
73,46
73,17
73,45
73,44
73,43
73,26
0,479
0,478
73,42
73,41
73,40
73,39
73,38
73,37
73,36
73,35
73,34
73,33
73,32
73,31
73,29
0,477
0,476
73,25
73,24
73,23
73,22
73,21
73,20
0,475
0,474
73,19
73,18
73,15
73,14
0,473
0,472
0,471
0,243
73,13
0,470
0,469
73,12
73,4
73,9
73,8
73,7
73,6
73,5
0,468
0,467
0,466
0,465
0,464
0,463
0,462
0,461
0,460
0,459
0,458
0,457
0,456
0,455
0,454
0,453
0,452
0,451
0,450
0,449
0,448
0,447
0,446
0,445
0,444
0,443
0,442
0,441
0,440
